// For External View - Earth at top = Summer Solstice

var merorbDAT = [
0.0000,3.3413,6.6902,10.0496,13.4227,16.8124,20.2217,23.6536,27.1111,30.5972,
34.1149,37.6671,41.2566,44.8863,48.5591,52.2776,56.0446,59.8625,63.7339,67.6609,
71.6457,75.6902,79.7961,83.9648,88.1974,92.4948,96.8573,101.2849,105.7773,110.3335,
114.9521,119.6311,124.3680,129.1599,134.0029,138.8930,143.8254,148.7949,153.7958,158.8219,
163.8669,168.9240,173.9863,179.0469,184.0988,189.1352,194.1493,199.1349,204.0859,208.9967,
213.8622,218.6778,223.4395,228.1438,232.7880,237.3696,241.8871,246.3392,250.7252,255.0451,
259.2991,263.4878,267.6124,271.6742,275.6749,279.6165,283.5009,287.3307,291.1083,294.8362,
298.5173,302.1543,305.7502,309.3078,312.8302,316.3204,319.7813,323.2161,326.6277,330.0193,
333.3938,336.7545,340.1042,343.4460,346.7831,350.1183,353.4549,356.7901,360.1269
]

var merdstDAT = [
0.9982,0.9959,0.9928,0.9888,0.9839,0.9783,0.9718,0.9646,0.9567,0.9481,
0.9389,0.9292,0.9189,0.9081,0.8969,0.8854,0.8736,0.8615,0.8493,0.8370,
0.8246,0.8123,0.8001,0.7880,0.7761,0.7645,0.7533,0.7424,0.7320,0.7221,
0.7128,0.7041,0.6960,0.6887,0.6820,0.6762,0.6711,0.6669,0.6636,0.6611,
0.6595,0.6588,0.6591,0.6602,0.6622,0.6652,0.6690,0.6737,0.6792,0.6855,
0.6926,0.7004,0.7090,0.7182,0.7280,0.7383,0.7491,0.7604,0.7721,0.7840,
0.7962,0.8086,0.8211,0.8337,0.8462,0.8586,0.8709,0.8829,0.8947,0.9060,
0.9170,0.9275,0.9375,0.9469,0.9556,0.9637,0.9710,0.9776,0.9834,0.9883,
0.9925,0.9957,0.9980,0.9995,1.0000,0.9996,1.0000,0.9995,0.9982
]

var venorbDAT = [
0.0000,1.5942,3.1881,4.7819,6.3755,7.9689,9.5621,11.1551,12.7480,14.3408,
15.9334,17.5258,19.1181,20.7103,22.3024,23.8944,25.4863,27.0781,28.6698,30.2614,
31.8529,33.4444,35.0359,36.6273,38.2186,39.8100,41.4013,42.9926,44.5839,46.1752,
47.7665,49.3579,50.9492,52.5406,54.1321,55.7236,57.3152,58.9068,60.4985,62.0903,
63.6822,65.2742,66.8664,68.4586,70.0510,71.6435,73.2361,74.8289,76.4218,78.0149,
79.6082,81.2016,82.7953,84.3891,85.9831,87.5774,89.1718,90.7664,92.3613,93.9564,
95.5517,97.1473,98.7431,100.3392,101.9355,103.5321,105.1289,106.7260,108.3233,109.9210,
111.5189,113.1171,114.7156,116.3144,117.9134,119.5128,121.1124,122.7123,124.3126,125.9131,
127.5140,129.1151,130.7165,132.3183,133.9203,135.5227,137.1254,138.7283,140.3316,141.9352,
143.5390,145.1432,146.7477,148.3524,149.9575,151.5628,153.1685,154.7744,156.3806,157.9871,
159.5939,161.2010,162.8083,164.4159,166.0237,167.6318,169.2402,170.8488,172.4576,174.0667,
175.6761,177.2856,178.8954,180.5054,182.1156,183.7260,185.3366,186.9474,188.5583,190.1695,
191.7808,193.3923,195.0039,196.6157,198.2276,199.8397,201.4519,203.0642,204.6766,206.2891,
207.9017,209.5143,211.1271,212.7399,214.3528,215.9657,217.5787,219.1917,220.8047,222.4178,
224.0308,225.6439,227.2569,228.8700,230.4830,232.0959,233.7088,235.3217,236.9345,238.5472,
240.1599,241.7725,243.3849,244.9973,246.6096,248.2217,249.8337,251.4456,253.0574,254.6689,
256.2804,257.8917,259.5028,261.1137,262.7244,264.3349,265.9453,267.5554,269.1654,270.7751,
272.3846,273.9938,275.6028,277.2116,278.8202,280.4284,282.0365,283.6443,285.2518,286.8590,
288.4660,290.0727,291.6791,293.2852,294.8911,296.4966,298.1019,299.7069,301.3115,302.9159,
304.5200,306.1238,307.7273,309.3304,310.9333,312.5359,314.1382,315.7401,317.3418,318.9431,
320.5442,322.1449,323.7454,325.3455,326.9454,328.5449,330.1442,331.7432,333.3419,334.9403,
336.5384,338.1362,339.7338,341.3311,342.9281,344.5248,346.1213,347.7176,349.3135,350.9093,
352.5048,354.1000,355.6951,357.2899,358.8845,360.4788
]

var vendstDAT = [
0.9982,0.9983,0.9985,0.9986,0.9987,0.9988,0.9989,0.9990,0.9991,0.9992,
0.9993,0.9994,0.9994,0.9995,0.9996,0.9996,0.9997,0.9998,0.9998,0.9998,
0.9999,0.9999,0.9999,1.0000,1.0000,1.0000,1.0000,1.0000,1.0000,1.0000,
1.0000,1.0000,0.9999,0.9999,0.9999,0.9998,0.9998,0.9997,0.9997,0.9996,
0.9996,0.9995,0.9994,0.9993,0.9993,0.9992,0.9991,0.9990,0.9989,0.9988,
0.9987,0.9985,0.9984,0.9983,0.9982,0.9980,0.9979,0.9978,0.9976,0.9975,
0.9973,0.9972,0.9970,0.9969,0.9967,0.9965,0.9964,0.9962,0.9960,0.9959,
0.9957,0.9955,0.9953,0.9952,0.9950,0.9948,0.9946,0.9944,0.9942,0.9940,
0.9939,0.9937,0.9935,0.9933,0.9931,0.9929,0.9927,0.9925,0.9924,0.9922,
0.9920,0.9918,0.9916,0.9914,0.9912,0.9911,0.9909,0.9907,0.9905,0.9904,
0.9902,0.9900,0.9899,0.9897,0.9896,0.9894,0.9892,0.9891,0.9889,0.9888,
0.9887,0.9885,0.9884,0.9883,0.9881,0.9880,0.9879,0.9878,0.9877,0.9876,
0.9875,0.9874,0.9873,0.9872,0.9871,0.9871,0.9870,0.9869,0.9869,0.9868,
0.9867,0.9867,0.9867,0.9866,0.9866,0.9866,0.9865,0.9865,0.9865,0.9865,
0.9865,0.9865,0.9865,0.9866,0.9866,0.9866,0.9866,0.9867,0.9867,0.9868,
0.9868,0.9869,0.9869,0.9870,0.9871,0.9872,0.9872,0.9873,0.9874,0.9875,
0.9876,0.9877,0.9878,0.9879,0.9881,0.9882,0.9883,0.9884,0.9886,0.9887,
0.9888,0.9890,0.9891,0.9893,0.9894,0.9896,0.9898,0.9899,0.9901,0.9903,
0.9904,0.9906,0.9908,0.9909,0.9911,0.9913,0.9915,0.9917,0.9918,0.9920,
0.9922,0.9924,0.9926,0.9928,0.9930,0.9932,0.9933,0.9935,0.9937,0.9939,
0.9941,0.9943,0.9945,0.9947,0.9948,0.9950,0.9952,0.9954,0.9956,0.9957,
0.9959,0.9961,0.9963,0.9964,0.9966,0.9968,0.9969,0.9971,0.9972,0.9974,
0.9975,0.9977,0.9978,0.9979,0.9981,0.9982

]

var earorbDAT = [
0.0000,0.9699,1.9396,2.9093,3.8789,4.8485,5.8180,6.7875,7.7570,8.7264,
9.6958,10.6652,11.6346,12.6040,13.5734,14.5428,15.5122,16.4816,17.4510,18.4204,
19.3899,20.3594,21.3289,22.2985,23.2681,24.2378,25.2075,26.1773,27.1471,28.1170,
29.0870,30.0570,31.0272,31.9974,32.9677,33.9381,34.9086,35.8792,36.8499,37.8208,
38.7917,39.7628,40.7340,41.7053,42.6767,43.6483,44.6201,45.5919,46.5640,47.5362,
48.5085,49.4810,50.4537,51.4265,52.3995,53.3727,54.3460,55.3196,56.2933,57.2673,
58.2414,59.2157,60.1902,61.1650,62.1399,63.1150,64.0904,65.0660,66.0418,67.0178,
67.9940,68.9705,69.9472,70.9241,71.9013,72.8787,73.8564,74.8343,75.8125,76.7909,
77.7695,78.7484,79.7276,80.7070,81.6867,82.6666,83.6468,84.6273,85.6080,86.5890,
87.5703,88.5518,89.5336,90.5157,91.4981,92.4807,93.4636,94.4468,95.4303,96.4141,
97.3981,98.3824,99.3670,100.3519,101.3370,102.3225,103.3082,104.2942,105.2805,106.2670,
107.2539,108.2410,109.2284,110.2161,111.2041,112.1924,113.1809,114.1697,115.1588,116.1482,
117.1378,118.1277,119.1179,120.1084,121.0991,122.0902,123.0814,124.0730,125.0648,126.0569,
127.0492,128.0418,129.0347,130.0278,131.0211,132.0147,133.0086,134.0027,134.9971,135.9917,
136.9865,137.9816,138.9769,139.9724,140.9682,141.9642,142.9604,143.9568,144.9535,145.9503,
146.9474,147.9447,148.9422,149.9398,150.9377,151.9358,152.9340,153.9325,154.9311,155.9299,
156.9289,157.9280,158.9273,159.9268,160.9264,161.9262,162.9261,163.9262,164.9264,165.9267,
166.9272,167.9278,168.9285,169.9293,170.9303,171.9313,172.9325,173.9338,174.9351,175.9366,
176.9381,177.9397,178.9414,179.9431,180.9450,181.9468,182.9488,183.9508,184.9528,185.9549,
186.9570,187.9591,188.9613,189.9634,190.9656,191.9679,192.9701,193.9723,194.9745,195.9767,
196.9789,197.9811,198.9832,199.9853,200.9874,201.9894,202.9914,203.9934,204.9953,205.9971,
206.9989,208.0006,209.0022,210.0038,211.0052,212.0066,213.0079,214.0091,215.0101,216.0111,
217.0120,218.0127,219.0134,220.0139,221.0142,222.0145,223.0146,224.0145,225.0143,226.0140,
227.0135,228.0128,229.0120,230.0110,231.0098,232.0085,233.0070,234.0053,235.0034,236.0013,
236.9990,237.9966,238.9939,239.9910,240.9879,241.9846,242.9811,243.9774,244.9734,245.9692,
246.9648,247.9602,248.9553,249.9502,250.9448,251.9393,252.9334,253.9273,254.9210,255.9144,
256.9076,257.9005,258.8932,259.8856,260.8777,261.8696,262.8612,263.8525,264.8436,265.8344,
266.8249,267.8152,268.8051,269.7948,270.7843,271.7734,272.7623,273.7509,274.7392,275.7273,
276.7150,277.7025,278.6897,279.6766,280.6632,281.6496,282.6356,283.6214,284.6069,285.5921,
286.5771,287.5617,288.5461,289.5302,290.5140,291.4975,292.4808,293.4638,294.4464,295.4289,
296.4110,297.3929,298.3745,299.3558,300.3369,301.3177,302.2982,303.2784,304.2584,305.2382,
306.2176,307.1969,308.1758,309.1545,310.1330,311.1112,312.0891,313.0668,314.0443,315.0215,
315.9985,316.9753,317.9518,318.9281,319.9042,320.8800,321.8556,322.8310,323.8062,324.7812,
325.7560,326.7305,327.7049,328.6790,329.6530,330.6268,331.6004,332.5738,333.5470,334.5200,
335.4929,336.4656,337.4381,338.4105,339.3827,340.3548,341.3267,342.2985,343.2701,344.2415,
345.2129,346.1841,347.1552,348.1262,349.0970,350.0678,351.0384,352.0089,352.9793,353.9497,
354.9199,355.8901,356.8601,357.8301,358.8001,359.7699,360.7397
]

// Flip for external view since top = Summer Solstice
var eardstDAT = [
0.9995,0.9996,0.9996,0.9997,0.9997,0.9998,0.9998,0.9999,0.9999,0.9999,
1.0000,1.0000,1.0000,1.0000,1.0000,1.0000,1.0000,1.0000,1.0000,1.0000,
0.9999,0.9999,0.9999,0.9998,0.9998,0.9998,0.9997,0.9997,0.9996,0.9995,
0.9995,0.9994,0.9993,0.9992,0.9991,0.9990,0.9989,0.9988,0.9987,0.9986,
0.9985,0.9984,0.9983,0.9981,0.9980,0.9979,0.9977,0.9976,0.9974,0.9973,
0.9971,0.9970,0.9968,0.9966,0.9964,0.9963,0.9961,0.9959,0.9957,0.9955,
0.9953,0.9951,0.9949,0.9947,0.9945,0.9943,0.9941,0.9939,0.9936,0.9934,
0.9932,0.9930,0.9927,0.9925,0.9923,0.9920,0.9918,0.9915,0.9913,0.9910,
0.9908,0.9905,0.9903,0.9900,0.9898,0.9895,0.9892,0.9890,0.9887,0.9884,
0.9882,0.9879,0.9876,0.9873,0.9871,0.9868,0.9865,0.9862,0.9860,0.9857,
0.9854,0.9851,0.9848,0.9845,0.9843,0.9840,0.9837,0.9834,0.9831,0.9829,
0.9826,0.9823,0.9820,0.9817,0.9815,0.9812,0.9809,0.9806,0.9803,0.9801,
0.9798,0.9795,0.9792,0.9790,0.9787,0.9784,0.9782,0.9779,0.9776,0.9774,
0.9771,0.9769,0.9766,0.9764,0.9761,0.9759,0.9756,0.9754,0.9751,0.9749,
0.9746,0.9744,0.9742,0.9740,0.9737,0.9735,0.9733,0.9731,0.9729,0.9726,
0.9724,0.9722,0.9720,0.9718,0.9716,0.9714,0.9713,0.9711,0.9709,0.9707,
0.9705,0.9704,0.9702,0.9701,0.9699,0.9697,0.9696,0.9695,0.9693,0.9692,
0.9691,0.9689,0.9688,0.9687,0.9686,0.9685,0.9684,0.9683,0.9682,0.9681,
0.9680,0.9679,0.9678,0.9678,0.9677,0.9676,0.9676,0.9675,0.9675,0.9674,
0.9674,0.9673,0.9673,0.9673,0.9673,0.9673,0.9672,0.9672,0.9672,0.9672,
0.9672,0.9673,0.9673,0.9673,0.9673,0.9674,0.9674,0.9674,0.9675,0.9675,
0.9676,0.9677,0.9677,0.9678,0.9679,0.9680,0.9680,0.9681,0.9682,0.9683,
0.9684,0.9685,0.9687,0.9688,0.9689,0.9690,0.9692,0.9693,0.9694,0.9696,
0.9697,0.9699,0.9700,0.9702,0.9703,0.9705,0.9707,0.9709,0.9710,0.9712,
0.9714,0.9716,0.9718,0.9720,0.9722,0.9724,0.9726,0.9728,0.9730,0.9732,
0.9735,0.9737,0.9739,0.9741,0.9744,0.9746,0.9748,0.9751,0.9753,0.9756,
0.9758,0.9760,0.9763,0.9766,0.9768,0.9771,0.9773,0.9776,0.9779,0.9781,
0.9784,0.9786,0.9789,0.9792,0.9795,0.9797,0.9800,0.9803,0.9806,0.9808,
0.9811,0.9814,0.9817,0.9820,0.9822,0.9825,0.9828,0.9831,0.9834,0.9836,
0.9839,0.9842,0.9845,0.9848,0.9851,0.9853,0.9856,0.9859,0.9862,0.9864,
0.9867,0.9870,0.9873,0.9876,0.9878,0.9881,0.9884,0.9886,0.9889,0.9892,
0.9894,0.9897,0.9900,0.9902,0.9905,0.9907,0.9910,0.9912,0.9915,0.9917,
0.9920,0.9922,0.9925,0.9927,0.9929,0.9932,0.9934,0.9936,0.9938,0.9940,
0.9943,0.9945,0.9947,0.9949,0.9951,0.9953,0.9955,0.9957,0.9959,0.9961,
0.9962,0.9964,0.9966,0.9968,0.9969,0.9971,0.9972,0.9974,0.9975,0.9977,
0.9978,0.9980,0.9981,0.9982,0.9984,0.9985,0.9986,0.9987,0.9988,0.9989,
0.9990,0.9991,0.9992,0.9993,0.9994,0.9994,0.9995
]

var marorbDAT = [
0.0000,0.5423,1.0850,1.6281,2.1717,2.7158,3.2603,3.8052,4.3505,4.8963,
5.4425,5.9891,6.5362,7.0837,7.6316,8.1800,8.7288,9.2780,9.8276,10.3776,
10.9280,11.4789,12.0302,12.5818,13.1339,13.6864,14.2393,14.7926,15.3463,15.9004,
16.4549,17.0098,17.5650,18.1207,18.6767,19.2332,19.7900,20.3472,20.9047,21.4626,
22.0209,22.5796,23.1386,23.6980,24.2577,24.8178,25.3783,25.9391,26.5002,27.0617,
27.6235,28.1857,28.7482,29.3110,29.8742,30.4376,31.0014,31.5655,32.1299,32.6947,
33.2597,33.8250,34.3906,34.9566,35.5228,36.0893,36.6561,37.2231,37.7905,38.3581,
38.9260,39.4941,40.0625,40.6312,41.2001,41.7692,42.3386,42.9082,43.4781,44.0482,
44.6185,45.1891,45.7599,46.3308,46.9020,47.4734,48.0450,48.6168,49.1888,49.7610,
50.3333,50.9058,51.4785,52.0514,52.6244,53.1976,53.7710,54.3445,54.9181,55.4919,
56.0658,56.6399,57.2140,57.7883,58.3627,58.9373,59.5119,60.0866,60.6615,61.2364,
61.8114,62.3865,62.9617,63.5369,64.1122,64.6876,65.2630,65.8385,66.4140,66.9896,
67.5652,68.1409,68.7165,69.2922,69.8680,70.4437,71.0194,71.5952,72.1709,72.7466,
73.3223,73.8980,74.4737,75.0494,75.6250,76.2006,76.7761,77.3516,77.9270,78.5024,
79.0777,79.6530,80.2282,80.8033,81.3783,81.9532,82.5281,83.1028,83.6775,84.2520,
84.8265,85.4008,85.9750,86.5490,87.1230,87.6968,88.2705,88.8440,89.4173,89.9906,
90.5636,91.1365,91.7092,92.2818,92.8542,93.4264,93.9984,94.5702,95.1418,95.7132,
96.2845,96.8555,97.4263,97.9969,98.5672,99.1374,99.7073,100.2769,100.8464,101.4156,
101.9845,102.5532,103.1216,103.6898,104.2577,104.8254,105.3928,105.9599,106.5267,107.0932,
107.6595,108.2255,108.7911,109.3565,109.9216,110.4863,111.0508,111.6150,112.1788,112.7423,
113.3055,113.8684,114.4309,114.9931,115.5550,116.1165,116.6777,117.2385,117.7990,118.3592,
118.9190,119.4784,120.0375,120.5962,121.1545,121.7125,122.2701,122.8273,123.3842,123.9407,
124.4968,125.0525,125.6078,126.1627,126.7172,127.2714,127.8251,128.3785,128.9314,129.4840,
130.0361,130.5878,131.1391,131.6901,132.2406,132.7906,133.3403,133.8895,134.4383,134.9867,
135.5347,136.0823,136.6294,137.1761,137.7223,138.2682,138.8136,139.3585,139.9030,140.4471,
140.9908,141.5340,142.0767,142.6190,143.1609,143.7023,144.2433,144.7839,145.3240,145.8636,
146.4028,146.9416,147.4798,148.0177,148.5551,149.0920,149.6285,150.1645,150.7001,151.2353,
151.7699,152.3041,152.8379,153.3712,153.9041,154.4364,154.9684,155.4999,156.0309,156.5615,
157.0916,157.6212,158.1504,158.6792,159.2075,159.7353,160.2627,160.7896,161.3161,161.8421,
162.3677,162.8928,163.4174,163.9416,164.4654,164.9887,165.5116,166.0340,166.5559,167.0774,
167.5985,168.1191,168.6393,169.1590,169.6783,170.1971,170.7155,171.2335,171.7510,172.2681,
172.7847,173.3010,173.8167,174.3321,174.8470,175.3615,175.8755,176.3891,176.9023,177.4151,
177.9274,178.4394,178.9509,179.4619,179.9726,180.4829,180.9927,181.5021,182.0111,182.5197,
183.0279,183.5357,184.0431,184.5501,185.0567,185.5628,186.0686,186.5740,187.0790,187.5836,
188.0878,188.5917,189.0951,189.5982,190.1009,190.6032,191.1051,191.6067,192.1079,192.6087,
193.1091,193.6092,194.1090,194.6083,195.1073,195.6060,196.1043,196.6022,197.0998,197.5971,
198.0940,198.5906,199.0868,199.5827,200.0782,200.5735,201.0684,201.5630,202.0572,202.5511,
203.0448,203.5381,204.0311,204.5237,205.0161,205.5082,205.9999,206.4914,206.9826,207.4735,
207.9641,208.4544,208.9444,209.4341,209.9236,210.4128,210.9017,211.3903,211.8787,212.3668,
212.8546,213.3422,213.8296,214.3166,214.8035,215.2901,215.7764,216.2625,216.7484,217.2340,
217.7194,218.2046,218.6895,219.1742,219.6587,220.1430,220.6271,221.1110,221.5946,222.0781,
222.5614,223.0444,223.5273,224.0100,224.4925,224.9748,225.4569,225.9389,226.4207,226.9023,
227.3837,227.8650,228.3461,228.8271,229.3079,229.7885,230.2690,230.7494,231.2296,231.7097,
232.1896,232.6694,233.1491,233.6287,234.1081,234.5875,235.0667,235.5458,236.0248,236.5037,
236.9824,237.4611,237.9397,238.4182,238.8966,239.3750,239.8532,240.3314,240.8095,241.2875,
241.7655,242.2434,242.7213,243.1990,243.6768,244.1545,244.6321,245.1097,245.5872,246.0648,
246.5422,247.0197,247.4971,247.9745,248.4519,248.9293,249.4067,249.8840,250.3614,250.8387,
251.3161,251.7934,252.2708,252.7481,253.2255,253.7028,254.1802,254.6576,255.1350,255.6124,
256.0899,256.5674,257.0449,257.5224,258.0000,258.4777,258.9554,259.4331,259.9109,260.3887,
260.8666,261.3446,261.8226,262.3007,262.7789,263.2572,263.7355,264.2139,264.6924,265.1710,
265.6497,266.1285,266.6074,267.0864,267.5655,268.0447,268.5240,269.0035,269.4830,269.9627,
270.4425,270.9225,271.4026,271.8828,272.3632,272.8437,273.3243,273.8051,274.2861,274.7672,
275.2485,275.7299,276.2115,276.6933,277.1753,277.6574,278.1397,278.6222,279.1049,279.5878,
280.0709,280.5541,281.0376,281.5212,282.0051,282.4892,282.9735,283.4580,283.9427,284.4277,
284.9128,285.3983,285.8839,286.3697,286.8559,287.3422,287.8288,288.3156,288.8027,289.2900,
289.7776,290.2655,290.7536,291.2420,291.7306,292.2195,292.7087,293.1981,293.6879,294.1779,
294.6682,295.1588,295.6497,296.1408,296.6323,297.1241,297.6161,298.1085,298.6012,299.0942,
299.5875,300.0811,300.5750,301.0693,301.5639,302.0588,302.5540,303.0495,303.5454,304.0417,
304.5382,305.0351,305.5324,306.0300,306.5279,307.0262,307.5248,308.0238,308.5232,309.0229,
309.5230,310.0234,310.5243,311.0254,311.5270,312.0289,312.5312,313.0339,313.5369,314.0404,
314.5442,315.0484,315.5530,316.0580,316.5634,317.0692,317.5753,318.0819,318.5889,319.0962,
319.6040,320.1122,320.6208,321.1298,321.6392,322.1490,322.6592,323.1699,323.6809,324.1924,
324.7043,325.2166,325.7294,326.2426,326.7562,327.2702,327.7846,328.2995,328.8148,329.3306,
329.8468,330.3634,330.8805,331.3980,331.9159,332.4343,332.9531,333.4723,333.9920,334.5122,
335.0328,335.5538,336.0753,336.5972,337.1196,337.6424,338.1657,338.6894,339.2136,339.7382,
340.2633,340.7888,341.3148,341.8413,342.3682,342.8955,343.4233,343.9516,344.4803,345.0094,
345.5391,346.0691,346.5997,347.1307,347.6621,348.1940,348.7264,349.2592,349.7924,350.3262,
350.8603,351.3950,351.9300,352.4656,353.0016,353.5380,354.0749,354.6123,355.1501,355.6883,
356.2270,356.7662,357.3058,357.8458,358.3863,358.9273,359.4686,360.0105
]

var mardstDAT = [
0.8803,0.8796,0.8788,0.8781,0.8774,0.8767,0.8760,0.8753,0.8746,0.8739,
0.8732,0.8725,0.8719,0.8712,0.8705,0.8698,0.8692,0.8685,0.8679,0.8672,
0.8666,0.8659,0.8653,0.8646,0.8640,0.8634,0.8627,0.8621,0.8615,0.8609,
0.8603,0.8597,0.8591,0.8585,0.8579,0.8573,0.8567,0.8561,0.8556,0.8550,
0.8544,0.8539,0.8533,0.8528,0.8523,0.8517,0.8512,0.8507,0.8502,0.8496,
0.8491,0.8486,0.8481,0.8476,0.8472,0.8467,0.8462,0.8457,0.8453,0.8448,
0.8444,0.8439,0.8435,0.8430,0.8426,0.8422,0.8418,0.8414,0.8410,0.8406,
0.8402,0.8398,0.8394,0.8391,0.8387,0.8383,0.8380,0.8376,0.8373,0.8370,
0.8366,0.8363,0.8360,0.8357,0.8354,0.8351,0.8348,0.8345,0.8343,0.8340,
0.8338,0.8335,0.8333,0.8330,0.8328,0.8326,0.8323,0.8321,0.8319,0.8317,
0.8315,0.8314,0.8312,0.8310,0.8309,0.8307,0.8306,0.8304,0.8303,0.8302,
0.8300,0.8299,0.8298,0.8297,0.8296,0.8295,0.8295,0.8294,0.8293,0.8293,
0.8292,0.8292,0.8292,0.8291,0.8291,0.8291,0.8291,0.8291,0.8291,0.8291,
0.8292,0.8292,0.8292,0.8293,0.8293,0.8294,0.8295,0.8295,0.8296,0.8297,
0.8298,0.8299,0.8300,0.8301,0.8303,0.8304,0.8305,0.8307,0.8308,0.8310,
0.8312,0.8313,0.8315,0.8317,0.8319,0.8321,0.8323,0.8325,0.8328,0.8330,
0.8332,0.8335,0.8337,0.8340,0.8342,0.8345,0.8348,0.8351,0.8354,0.8357,
0.8360,0.8363,0.8366,0.8369,0.8373,0.8376,0.8379,0.8383,0.8386,0.8390,
0.8394,0.8398,0.8401,0.8405,0.8409,0.8413,0.8417,0.8421,0.8426,0.8430,
0.8434,0.8439,0.8443,0.8448,0.8452,0.8457,0.8461,0.8466,0.8471,0.8476,
0.8481,0.8486,0.8491,0.8496,0.8501,0.8506,0.8511,0.8517,0.8522,0.8527,
0.8533,0.8538,0.8544,0.8549,0.8555,0.8561,0.8566,0.8572,0.8578,0.8584,
0.8590,0.8596,0.8602,0.8608,0.8614,0.8620,0.8627,0.8633,0.8639,0.8645,
0.8652,0.8658,0.8665,0.8671,0.8678,0.8684,0.8691,0.8698,0.8704,0.8711,
0.8718,0.8725,0.8732,0.8738,0.8745,0.8752,0.8759,0.8766,0.8773,0.8780,
0.8788,0.8795,0.8802,0.8809,0.8816,0.8824,0.8831,0.8838,0.8846,0.8853,
0.8860,0.8868,0.8875,0.8883,0.8890,0.8898,0.8905,0.8913,0.8920,0.8928,
0.8935,0.8943,0.8951,0.8958,0.8966,0.8974,0.8981,0.8989,0.8997,0.9005,
0.9012,0.9020,0.9028,0.9036,0.9043,0.9051,0.9059,0.9067,0.9075,0.9083,
0.9090,0.9098,0.9106,0.9114,0.9122,0.9130,0.9137,0.9145,0.9153,0.9161,
0.9169,0.9177,0.9185,0.9192,0.9200,0.9208,0.9216,0.9224,0.9232,0.9239,
0.9247,0.9255,0.9263,0.9271,0.9278,0.9286,0.9294,0.9301,0.9309,0.9317,
0.9325,0.9332,0.9340,0.9348,0.9355,0.9363,0.9370,0.9378,0.9385,0.9393,
0.9401,0.9408,0.9415,0.9423,0.9430,0.9438,0.9445,0.9452,0.9460,0.9467,
0.9474,0.9482,0.9489,0.9496,0.9503,0.9510,0.9517,0.9524,0.9531,0.9538,
0.9545,0.9552,0.9559,0.9566,0.9573,0.9580,0.9586,0.9593,0.9600,0.9606,
0.9613,0.9619,0.9626,0.9632,0.9639,0.9645,0.9652,0.9658,0.9664,0.9670,
0.9677,0.9683,0.9689,0.9695,0.9701,0.9707,0.9713,0.9718,0.9724,0.9730,
0.9736,0.9741,0.9747,0.9753,0.9758,0.9763,0.9769,0.9774,0.9780,0.9785,
0.9790,0.9795,0.9800,0.9805,0.9810,0.9815,0.9820,0.9825,0.9829,0.9834,
0.9839,0.9843,0.9848,0.9852,0.9857,0.9861,0.9865,0.9869,0.9874,0.9878,
0.9882,0.9886,0.9889,0.9893,0.9897,0.9901,0.9904,0.9908,0.9912,0.9915,
0.9918,0.9922,0.9925,0.9928,0.9931,0.9934,0.9937,0.9940,0.9943,0.9946,
0.9949,0.9951,0.9954,0.9956,0.9959,0.9961,0.9963,0.9966,0.9968,0.9970,
0.9972,0.9974,0.9976,0.9978,0.9979,0.9981,0.9983,0.9984,0.9986,0.9987,
0.9988,0.9990,0.9991,0.9992,0.9993,0.9994,0.9995,0.9996,0.9996,0.9997,
0.9998,0.9998,0.9999,0.9999,0.9999,1.0000,1.0000,1.0000,1.0000,1.0000,
1.0000,1.0000,1.0000,1.0000,1.0000,0.9999,0.9999,0.9999,0.9998,0.9998,
0.9997,0.9996,0.9996,0.9995,0.9994,0.9993,0.9992,0.9991,0.9990,0.9988,
0.9987,0.9986,0.9984,0.9983,0.9981,0.9979,0.9978,0.9976,0.9974,0.9972,
0.9970,0.9968,0.9966,0.9963,0.9961,0.9959,0.9956,0.9954,0.9951,0.9948,
0.9946,0.9943,0.9940,0.9937,0.9934,0.9931,0.9928,0.9925,0.9922,0.9918,
0.9915,0.9911,0.9908,0.9904,0.9901,0.9897,0.9893,0.9889,0.9886,0.9882,
0.9878,0.9873,0.9869,0.9865,0.9861,0.9857,0.9852,0.9848,0.9843,0.9839,
0.9834,0.9829,0.9825,0.9820,0.9815,0.9810,0.9805,0.9800,0.9795,0.9790,
0.9785,0.9780,0.9774,0.9769,0.9763,0.9758,0.9753,0.9747,0.9741,0.9736,
0.9730,0.9724,0.9719,0.9713,0.9707,0.9701,0.9695,0.9689,0.9683,0.9677,
0.9670,0.9664,0.9658,0.9652,0.9645,0.9639,0.9633,0.9626,0.9620,0.9613,
0.9606,0.9600,0.9593,0.9586,0.9580,0.9573,0.9566,0.9559,0.9552,0.9545,
0.9538,0.9531,0.9524,0.9517,0.9510,0.9503,0.9496,0.9489,0.9482,0.9474,
0.9467,0.9460,0.9453,0.9445,0.9438,0.9431,0.9423,0.9416,0.9408,0.9401,
0.9393,0.9386,0.9378,0.9371,0.9363,0.9355,0.9348,0.9340,0.9333,0.9325,
0.9317,0.9310,0.9302,0.9294,0.9286,0.9279,0.9271,0.9263,0.9255,0.9248,
0.9240,0.9232,0.9224,0.9216,0.9209,0.9201,0.9193,0.9185,0.9177,0.9169,
0.9162,0.9154,0.9146,0.9138,0.9130,0.9122,0.9114,0.9107,0.9099,0.9091,
0.9083,0.9075,0.9067,0.9060,0.9052,0.9044,0.9036,0.9028,0.9021,0.9013,
0.9005,0.8997,0.8990,0.8982,0.8974,0.8967,0.8959,0.8951,0.8944,0.8936,
0.8929,0.8921,0.8913,0.8906,0.8898,0.8891,0.8883,0.8876,0.8868,0.8861,
0.8854,0.8846,0.8839,0.8832,0.8824,0.8817,0.8810,0.8803
]
